0 8 57 2 96 1 35 3 98 12 35 11 89
1 11 28 19 11 5 13 10 73 16 34 17 9 15 12 12 27 0 32 18 39 3 74 6 77 20 21 21 20 7 31 2 85 14 52 9 75 8 4
2 21 89 12 22 18 52
3 0 70 14 96 4 22 13 27 17 21 20 58
4 21 91 1 21 20 7 15 12 17 22 10 100 7 27 13 11 2 4 8 94 19 48
5 6 6 14 83 2 33 21 9 9 18 8 71 1 76 11 38 12 20 19 7 7 52 20 83 15 47
6 19 37 13 96 18 8 9 10 7 15 5 4 16 67 8 84 10 81 3 8 20 6 17 94 11 34 12 8 1 84 4 40 15 4 0 80 2 41 14 61 21 29
7 1 87 8 13 11 59 10 35 3 97 14 55
8 11 43 7 68 9 71
9 16 20 11 44 8 21 15 100
10 0 49 1 76 15 4 17 76 7 25 8 86 13 19 4 4 14 22 5 76 20 48 21 58 12 20 19 85 6 8 9 22 3 2
11 21 56 9 13 2 59 8 17 13 60 6 29 15 45 5 48 18 5
12 13 68 4 5 5 56 11 28 16 95 9 4 14 53 21 32 2 3 17 53 20 83 8 12 0 54 1 66 7 67 19 87
13 4 55 18 31 16 48 1 80 15 36 3 99 12 7 5 59 11 45 14 5 6 48 10 15 2 43 20 19 0 42 17 10 21 43 19 66 8 14
14 19 7 18 19 12 34 20 3 6 1 11 81 0 15 4 67 10 27
15 12 89 11 54 8 20 5 92 0 68 7 94 6 96 17 66 21 35 1 84
16 0 71 15 96 2 24 20 40 7 66 19 1 3 75 8 73
17 16 49 19 96 1 80 2 27 9 56 0 31 18 1 5 46 20 35 4 58 3 39 13 23 15 15 21 13 7 43 10 70
18 8 5 14 97 2 69 12 27 13 17 15 31 20 82 11 91 9 44 7 100 5 73 16 92 6 1 17 27 3 21 1 67 21 3
19 10 66 4 8
20 12 72 4 30 16 34 13 75 11 99 10 22 14 67 0 19 21 29 19 13 6 97 2 13 7 30
21 0 71 15 1 3 54 7 17 11 23 16 86 13 59 4 28 10 30 20 100 9 54 12 13 5 56 14 5 2 50 1 3 18 34 8 43